238 88 286 156
288 88 337 155
339 83 388 155
390 83 441 150
443 83 492 153
493 86 542 153
544 86 591 160
593 89 643 160
644 89 697 157
794 86 842 153
843 86 892 153
893 86 942 157
943 86 990 157
337 308 386 376
493 304 539 372
539 304 589 372
591 304 640 372
641 304 690 372
690 305 741 373
844 304 890 371
890 304 944 374
944 303 989 374
338 389 385 460
536 369 587 458
738 383 788 450
790 366 843 440
288 605 344 691
344 605 394 691
394 605 439 674
538 606 586 675
586 606 639 703
743 605 792 675
792 605 838 700
838 607 886 700
888 607 938 679
938 608 986 679
740 654 791 734
239 694 285 783
288 681 365 748
536 698 586 779
588 693 636 765
636 693 686 781
686 714 738 783
892 707 936 780
341 720 389 799
434 886 485 956
487 885 536 954
537 885 585 952
587 885 636 952
637 884 685 952
686 884 735 953
737 886 786 955
788 885 837 952
838 884 889 951
890 884 938 951
940 883 988 951
52 90 127 139
52 141 119 191
52 192 119 242
51 244 119 294
51 295 118 346
51 347 118 399
51 399 118 448
51 450 118 500
51 502 127 559
55 561 128 611
55 613 142 665
60 665 142 716
60 716 146 766
58 768 126 816
61 819 129 869
50 870 126 916
83 194 154 244
82 348 161 397
81 398 149 452
82 616 160 666
93 666 166 718
1109 101 1176 153
1108 155 1177 204
1108 205 1176 257
1109 259 1178 309
1108 310 1175 362
1107 364 1175 414
1106 416 1174 466
1106 469 1174 529
1109 532 1176 582
1105 583 1173 632
1106 634 1174 683
1107 685 1174 735
1106 736 1173 786
1106 787 1174 837
1106 838 1173 887
1106 889 1173 936
1106 938 1173 989
1139 105 1212 152
1120 153 1206 208
1144 208 1211 261
1121 261 1211 313
1133 466 1208 531
1129 531 1208 581
1122 788 1203 836
1122 837 1199 889
1132 889 1217 936
